639
47
553
772
592
614
576
881
961
105
636
112
112
103
119
728
286
698
778
54
978
372
584
754
139
491
974
765
461
976
901
99
375
805
870
966
771
797
198
731
253
834
842
364
288
312
443
926
362
221
979
339
592
562
444
730
52
417
846
512
745
99
962
119
255
183
436
25
979
633
108
231
466
301
946
106
613
389
31
326
609
9
16
552
570
459
634
974
876
479
837
972
929
799
90
184
981
525
560
312
509
19
542
975
320
488
432
284
876
462
609
836
470
624
387
391
82
20
364
309
851
553
280
131
351
721
314
683
597
226
346
106
244
888
432
915
727
863
198
954
676
158
141
497
133
527
887
567
899
603
227
101
155
859
231
857
579
897
891
528
474
237
985
717
476
416
984
554
630
533
859
305
691
999
153
175
525
39
93
775
993
320
227
147
178
458
355
108
706
598
987
179
186
971
895
13
738
230
566
367
763
424
23
805
422
175
979
298
566
424
425
558
743
651
57
272
460
763
731
165
712
70
343
897
40
590
909
130
819
826
848
581
601
871
385
22
397
716
672
314
139
448
872
233
98
280
856
910
42
938
74
754
7
417
2
47
358
263
528
176
88
375
109
689
245
845
62
994
560
85
307
50
532
530
634
982
161
841
891
555
779
316
308
785
732
661
183
89
923
710
617
363
85
725
51
681
921
464
26
833
549
685
882
432
214
868
765
375
708
The average of the 309 numbers given is
>500.00
The standard deviation is
>299.46

